0.50 1.00 0
1.00 0.10 0.05 0.05 0
0.50 0.05 0.10 0.50 0.10 0.10 0
1.00 0.10 0.10 0.10 0
0.10 0.10 0.10 0.10 0.10 0.10 0.10 0.50 0.05 0.10 0
1.00 1.00 0
0.50 0.50 0.50 0
0.50 0.50 0.10 0.10 0.50 0
0.05 0.10 0.50 0.50 0.10 0.05 0
0.05 0.10 0.05 0.10 0.50 0.10 0.05 0.05 0.10 0 
1.00 0
0.50 0.10 0.50 0
1.00 0.50 0.50 0
0.10 0.10 0.50 0
1.00 0.50 0.10 0.05 0
0.05 0.05 0.05 0.50 0.50 0
1.00 1.00 1.00 0
0.50 0.05 0.05 0.10 0.10 0.10 0.05 0
1.00 0.10 0.10 0.05 0.50 0
0.50 0.10 0.05 1.00 0

